0 1720 RegressionData POLY_ID
1 574         3041.96714
1 650         4152.98032
1 2         1354.70099
1 576         3034.83517
1 575         1663.08135
1 573         2349.63531
1 579         4047.31629
1 577         4094.23095
1 4         774.596984
1 578         3452.20053
1 572         2134.76595
1 571          3217.7637
1 581         4248.31847
1 3         2129.25664
1 5          4121.6599
1 1720         3398.39041
1 28         3177.53998
1 25         3432.01416
1 27         3750.58415
2 576         4370.29076
2 1         1354.70099
2 575         3006.40719
2 573         3377.31583
2 4         1498.69317
2 572         3330.98892
2 571         3895.53592
2 3         2160.00868
2 5          4249.6451
2 11         4326.03513
2 29         3995.17169
2 21         3628.02517
2 1720         2118.12809
2 28         1909.75515
2 25         2077.64404
2 64         3820.85439
2 65         3889.22386
2 27         2738.87176
2 26          3340.3622
2 66         4152.36515
3 574         4217.56453
3 2         2160.00868
3 576         3872.20544
3 1         2129.25664
3 575         2860.63397
3 573         2135.08671
3 579          4053.2302
3 4         1381.01823
3 578         3783.24695
3 572         2493.51323
3 571         1993.29959
3 581         3712.38874
3 5         2106.41157
3 568         3495.25688
3 583         4152.41983
3 11         2851.12298
3 570          4205.5081
3 6         2984.20702
3 569         3688.08533
3 10         3564.06115
3 29         3550.85652
3 36         3900.41898
3 35         4292.83659
3 23         3890.10402
3 22         3318.68875
3 21          2793.0159
3 30         4283.35102
3 1720         3938.29336
3 28         2696.33186
3 25         3498.28712
3 27         2473.06558
3 26         3847.63735
4 574          3216.3686
4 650         4301.40815
4 2         1498.69317
4 576         3046.62608
4 1         774.596984
4 575          1774.4567
4 573         1879.52356
4 579         3758.40904
4 577          3941.4906
4 578         3264.42089
4 572         1866.09828
4 571         2538.40197
4 581         3784.31487
4 3         1381.01823
4 5         3347.28937
4 568         4183.24342
4 11         4187.56279
4 6         4218.24165
4 21         3915.78989
4 1720         3610.98802
4 28          2989.4291
4 25         3462.75753
4 27         3313.31215
5 565         3175.06418
5 589         3595.90842
5 566         3432.16241
5 16         4368.44991
5 12         3357.35156
5 15         3748.18206
5 2          4249.6451
5 1          4121.6599
5 575          4277.9795
5 573          2905.7845
5 579         4187.23851
5 4         3347.28937
5 578          4292.2078
5 572         3507.78645
5 571         1760.98091
5 581          3382.5666
5 580         4338.26394
5 3         2106.41157
5 568         2183.95351
5 583         3007.07107
5 582         4133.67876
5 584         3464.81735
5 11         2241.49935
5 570         2488.92451
5 6         879.432368
5 569         1717.48602
5 588         3934.00803
5 10         1914.38593
5 32         4232.69332
5 29         3959.18131
5 36         3827.80319
5 35         3881.22147
5 34         3937.12789
5 33         3969.75446
5 24         3337.73578
5 23         3106.96083
5 22         2958.53629
5 21          3081.6437
5 28          4272.5468
5 27         3457.11333
6 592         4290.63026
6 593         3758.52002
6 590          3920.8988
6 565         2411.02123
6 589         2959.93971
6 567         4023.68754
6 566         2564.11226
6 8          3758.0128
6 13         4115.39916
6 16         3871.31417
6 12         2871.65396
6 15         3398.27579
6 573         3599.21152
6 4         4218.24165
6 572         4215.98506
6 571         2357.11611
6 581         3676.33596
6 3         2984.20702
6 5         879.432368
6 568         2133.79358
6 583         2935.21221
6 582         4050.35771
6 584         3216.54172
6 11         2463.58037
6 570         2065.35416
6 569         1116.86245
6 588         3398.02134
6 587         4030.69786
6 10         1523.74775
6 32         4103.17251
6 29         4372.82181
6 36         4070.01263
6 35          3973.5877
6 34         3955.15586
6 33         3912.44331
6 24         3158.38438
6 23         3097.90556
6 22         3171.84704
6 21         3532.24789
6 27         4085.29914
7 596         3218.20139
7 609         4040.40665
7 397         3681.80084
7 396         4183.52484
7 610         4289.31921
7 598         3427.30278
7 604         3973.28105
7 597         3227.70289
7 595         2592.98412
7 608         3978.45736
7 601         4343.70798
7 592         3958.51167
7 593         3313.39977
7 590         4318.46475
7 565         3332.03172
7 589         3990.09207
7 567         2129.95799
7 594         2773.53471
7 566         2376.24065
7 9          1358.0428
7 8         1712.67895
7 13         2541.79688
7 14         2293.33401
7 18          2977.0056
7 19         2965.71509
7 20         3119.14647
7 17         3233.72805
7 16         3715.84962
7 12         3721.39279
7 15         4336.06152
7 10         4276.19271
7 41         4315.76933
7 42         4308.37521
7 40         4299.87212
7 43         3661.25931
7 44         4173.35162
8 595         4066.78476
8 593         4087.54489
8 565         3495.68687
8 589         4342.80921
8 567         3182.98331
8 594          3907.7024
8 7         1712.67895
8 566         2479.70393
8 9         1356.04632
8 13         939.406399
8 14         1854.66472
8 18         1804.54076
8 19         2147.95152
8 20         2618.08623
8 17         1659.19149
8 16         2009.51165
8 12         2077.12484
8 15         2638.88479
8 11         4292.18067
8 6          3758.0128
8 569         3958.96305
8 10         2949.15663
8 45         3896.01503
8 57         3865.16048
8 56         4166.45929
8 58          3607.7088
8 51         4217.94458
8 41         3433.14223
8 42         3774.09962
8 40         3077.47507
8 43         2574.36889
8 39         3012.07215
8 38         3182.24328
8 37         3537.49847
8 44         2524.79161
8 32         3779.69838
8 59         3752.51596
8 54         4238.43312
8 55          4119.2429
8 34         4275.46965
8 33         3974.85996
8 24         3272.32587
8 23         3837.05114
9 397         3839.33109
9 398          4149.7899
9 595          3932.7469
9 565         4354.67934
9 567         3448.14485
9 594         4117.94635
9 7          1358.0428
9 566          3323.8383
9 8         1356.04632
9 13         1707.32451
9 14         937.210828
9 18         1733.03739
9 19         1618.26896
9 20         1775.33698
9 17         2252.61933
9 16         2965.51929
9 12         3328.59741
9 15         3768.56808
9 10         4304.55924
9 52         4349.01171
9 46          4313.2254
9 45         3648.58761
9 57         3873.72444
9 56         4321.60864
9 58         3889.14094
9 51         3599.48741
9 41         2959.19149
9 42         2978.82371
9 40         3009.21725
9 43         2346.63024
9 39          3356.2195
9 38         3863.77127
9 44         3226.86259
10 565         3303.78569
10 589         4063.65982
10 7         4276.19271
10 566         2946.29374
10 9         4304.55924
10 8         2949.15663
10 13         2992.25585
10 18          4017.6983
10 17          3168.5378
10 16         2454.14113
10 12         1443.77827
10 15         1883.11461
10 571         3670.23262
10 3         3564.06115
10 5         1914.38593
10 568         3655.64768
10 11         1549.73422
10 570         3463.04623
10 6         1523.74775
10 569         2481.43528
10 39         4042.62112
10 38         3424.63132
10 37         2949.75131
10 44         3125.31817
10 32         2614.83962
10 53         4208.22386
10 59         3851.08929
10 54         4338.15496
10 29         3480.05866
10 36         2939.71982
10 35         2665.67071
10 34         2574.27436
10 33         2471.74508
10 24         1664.67371
10 23         1743.01846
10 22         2094.11429
10 21         2792.73538
10 61         4087.05711
10 30         3688.35276
10 62         3792.10681
10 74         4339.55497
10 63         3666.10001
10 31         3159.89324
10 27         3638.08782
11 8         4292.18067
11 13         4084.60429
11 17         4015.68957
11 16         3138.49693
11 12          2338.1879
11 15         2257.86282
11 2         4326.03513
11 4         4187.56279
11 571         3800.55661
11 3         2851.12298
11 5         2241.49935
11 6         2463.58037
11 569         3579.08072
11 10         1549.73422
11 38         3605.78714
11 37         2812.17408
11 44         3589.42785
11 32         2220.57741
11 53         3876.20695
11 59         3835.92116
11 54         4216.49916
11 75         4209.28445
11 29         1969.73424
11 36         1613.71429
11 35         1654.94088
11 34         1760.99977
11 33         1876.06125
11 24         1553.96185
11 23         1043.43461
11 22         722.341313
11 21         1243.12732
11 106         4012.50249
11 105         4160.86002
11 71         3524.05822
11 72         3415.46188
11 60         3104.31047
11 61         2803.46473
11 30         2317.67943
11 73         3416.73033
11 62         2746.88018
11 74          3610.6044
11 63         2977.84371
11 31         2413.03001
11 28         3344.35815
11 25         4321.00454
11 27         2134.73204
11 26         3397.81723
11 66         3756.57398
11 67         4226.16521
11 70         3845.44072
12 565         3999.11984
12 7         3721.39279
12 566         3288.45737
12 9         3328.59741
12 8         2077.12484
12 13         1746.45189
12 14         3440.59532
12 18         2661.83453
12 19         3287.02579
12 20         3910.61195
12 17         1759.80853
12 16         1012.20865
12 15         745.231772
12 5         3357.35156
12 11          2338.1879
12 6         2871.65396
12 569         3633.21835
12 10         1443.77827
12 45         4135.79918
12 79         4306.93026
12 57         3735.21648
12 56         3739.81362
12 58         3114.48407
12 41         4089.64828
12 40         3291.51611
12 43         3194.94614
12 39          2617.3677
12 38         2109.34027
12 37         1910.82166
12 44         1710.29623
12 32         1887.27863
12 80          3893.2947
12 53          3148.7729
12 59          2612.3009
12 54         3129.28715
12 55         3304.83355
12 75         3596.22497
12 76         4137.90359
12 29         3836.33574
12 36         3054.22516
12 35         2503.17656
12 34         2250.98776
12 33         1982.60177
12 24         1206.32689
12 23         1760.79111
12 22         2491.57232
12 21         3423.23332
12 105         4261.09143
12 72         4293.09032
12 61         3973.13128
12 30         3747.79709
12 73         3946.10669
12 62         3426.92446
12 74         3591.23505
12 63         2965.63034
12 31         2608.18977
13 565         4295.16846
13 567         4120.77479
13 7         2541.79688
13 566         3317.67694
13 9         1707.32451
13 8         939.406399
13 14          1694.2837
13 18         1092.12364
13 19         1633.49003
13 20         2227.54425
13 17         720.849636
13 16         1259.84721
13 12         1746.45189
13 15         2077.77713
13 11         4084.60429
13 6         4115.39916
13 10         2992.25585
13 52         4024.33914
13 78         4297.17831
13 46         3686.42289
13 45         3069.41891
13 79         3777.81816
13 57         2962.87449
13 56         3236.09554
13 58          2669.7873
13 51         3550.64074
13 41         2728.17161
13 42         3238.33285
13 40         2218.33489
13 43          1815.9328
13 39           2073.403
13 38         2292.16113
13 37         2767.82132
13 44         1631.55486
13 32         3117.99441
13 80         3810.92124
13 53         3650.21859
13 59         2853.03296
13 54         3324.39437
13 55          3182.6337
13 75          4074.0628
13 77         4361.46605
13 35         4010.09853
13 34         3703.45991
13 33         3378.81221
13 24         2809.51102
13 23         3428.99916
13 22         4196.38108
13 63         3994.32636
13 31         3838.38761
14 397         4138.79843
14 398         4127.35604
14 7         2293.33401
14 566         4149.48687
14 9         937.210828
14 8         1854.66472
14 13          1694.2837
14 18         1123.20155
14 19         748.440217
14 20         849.870235
14 17         1950.76516
14 16         2813.90205
14 12         3440.59532
14 15         3708.26249
14 50         3746.27934
14 48         4183.59823
14 52         3417.36808
14 47         4161.65535
14 46         3421.03737
14 45         2761.93011
14 79         3965.03813
14 57         3067.96077
14 56         3563.02656
14 58         3209.15599
14 51         2662.63175
14 41         2035.22736
14 42         2059.91719
14 40         2210.98389
14 43         1528.38434
14 39         2743.44978
14 38         3426.46656
14 37         4154.92439
14 44         2854.59871
14 59         3884.34162
14 54         4232.38946
14 55         3872.79937
15 7         4336.06152
15 566         4033.49069
15 9         3768.56808
15 8         2638.88479
15 13         2077.77713
15 14         3708.26249
15 18         2764.03257
15 19         3406.42563
15 20         4035.25527
15 17         1814.86933
15 16         915.899983
15 12         745.231772
15 5         3748.18206
15 11         2257.86282
15 6         3398.27579
15 569          4261.6184
15 10         1883.11461
15 78         4280.95557
15 46         4268.33712
15 45         3865.75959
15 79         3816.70956
15 57         3362.90961
15 56         3266.76956
15 58         2662.47092
15 41         3969.95345
15 40         3078.93671
15 43         3139.93653
15 39         2256.98656
15 38         1544.80096
15 37         1176.27798
15 44         1351.55641
15 32         1169.89496
15 94         4286.05602
15 91         4203.89353
15 80         3281.78181
15 53         2432.35031
15 59         1976.09011
15 54         2476.08756
15 55         2730.90372
15 75         2875.20785
15 76         3430.30923
15 77         3865.81269
15 29         3405.06525
15 36         2562.46434
15 35         1938.67286
15 34         1644.16775
15 33         1336.32904
15 24         766.222215
15 23         1401.67419
15 22         2187.32108
15 21         3146.84498
15 106         4197.24066
15 105         3517.16466
15 71         4035.99648
15 72          3613.8221
15 60         4135.34219
15 61         3354.31542
15 30         3197.52185
15 73         3232.48998
15 62         2748.41467
15 74         2847.38905
15 63         2228.91256
15 31         1905.56683
15 27         4163.76924
15 104         4089.77923
16 7         3715.84962
16 566         3905.85652
16 9         2965.51929
16 8         2009.51165
16 13         1259.84721
16 14         2813.90205
16 18         1848.13402
16 19         2490.53648
16 20         3119.47639
16 17         899.022239
16 12         1012.20865
16 15         915.899983
16 5         4368.44991
16 11         3138.49693
16 6         3871.31417
16 10         2454.14113
16 52         4152.46717
16 78         3845.69933
16 47         4201.70935
16 46         3607.41813
16 45         3125.78036
16 79         3342.87905
16 57         2729.72308
16 56         2771.74302
16 58         2143.86844
16 51         3936.14388
16 41         3122.81415
16 42         3860.78384
16 40         2288.71976
16 43         2257.83266
16 39         1617.15707
16 38         1291.53694
16 37         1531.87233
16 44         742.473218
16 32         1860.25864
16 94         4180.36727
16 91          4296.5608
16 80         3047.67089
16 53         2560.91664
16 59         1857.90575
16 54         2376.05911
16 55         2428.21721
16 75         3006.78283
16 76         3481.34896
16 77         3636.43453
16 29         4297.33736
16 36         3439.11587
16 35         2787.02587
16 34         2469.96244
16 33         2138.59079
16 24         1682.12009
16 23         2317.55959
16 22         3103.21403
16 21         4062.74336
16 105         3918.43554
16 72         4284.39741
16 61         4122.59475
16 30         4031.85325
16 73         3823.88125
16 62         3440.59335
16 74         3270.98696
16 63         2752.98657
16 31         2578.55143
17 7         3233.72805
17 566         3973.10056
17 9         2252.61933
17 8         1659.19149
17 13         720.849636
17 14         1950.76516
17 18         949.377775
17 19         1591.82319
17 20         2221.17399
17 16         899.022239
17 12         1759.80853
17 15         1814.86933
17 11         4015.68957
17 10          3168.5378
17 48         4223.78763
17 52          3527.5329
17 78         3612.04971
17 47         3775.13535
17 46         3100.10392
17 45         2525.95853
17 79         3091.97164
17 57         2314.40047
17 56         2539.53879
17 58         1958.25332
17 51         3180.72118
17 41         2350.12331
17 42         3017.19385
17 40         1656.36341
17 43         1440.80316
17 39         1360.47847
17 38         1621.73284
17 37         2226.11331
17 44          974.85523
17 32         2677.92801
17 86         4351.98826
17 89         4293.72081
17 94         4282.94116
17 80         3090.08995
17 53         2981.04534
17 59         2165.48766
17 54         2620.28287
17 55         2461.89721
17 75         3392.75821
17 76         3767.15746
17 77         3642.14654
17 36         4318.14741
17 35         3654.83035
17 34         3330.24333
17 33         2993.89945
17 24         2581.08637
17 23         3216.54348
17 22          4002.1162
17 62         4210.55046
17 74         3866.29271
17 63          3439.2003
17 31         3359.03976
18 7          2977.0056
18 566         4283.75045
18 9         1733.03739
18 8         1804.54076
18 13         1092.12364
18 14         1123.20155
18 19         642.446964
18 20         1271.94702
18 17         949.377775
18 16         1848.13402
18 12         2661.83453
18 15         2764.03257
18 10          4017.6983
18 81          4330.1338
18 50         3685.96816
18 48         3743.73615
18 52         2992.61856
18 78          3568.1747
18 47         3491.41234
18 46           2756.235
18 45         2103.10233
18 79         3068.14142
18 57         2181.27415
18 56          2595.9649
18 58         2158.54581
18 51         2464.52886
18 41         1650.85567
18 42         2158.28455
18 40          1333.0396
18 43          769.87397
18 39         1646.49587
18 38         2305.76662
18 37         3064.10126
18 44         1755.08597
18 32         3575.24616
18 89         4143.30629
18 80         3373.77784
18 53          3597.5737
18 59         2762.43275
18 54         3123.40468
18 55         2798.98929
18 75         3960.76915
18 76         4232.32373
18 77         3851.07029
18 34         4249.41226
18 33         3911.61077
18 24         3530.24836
18 23         4165.67153
18 63         4235.50377
18 31         4223.10427
19 7         2965.71509
19 9         1618.26896
19 8         2147.95152
19 13         1633.49003
19 14         748.440217
19 18         642.446964
19 20         629.952234
19 17         1591.82319
19 16         2490.53648
19 12         3287.02579
19 15         3406.42563
19 81         4177.65148
19 50         3262.54447
19 48         3530.21794
19 52         2761.88797
19 78         3681.62264
19 47         3439.48313
19 46         2695.66143
19 45         2031.87684
19 79         3216.82106
19 57         2320.25232
19 56         2822.58676
19 58          2499.4242
19 51         2089.80469
19 41         1363.65266
19 42          1636.0627
19 40          1466.4466
19 43         783.748155
19 39         2078.59971
19 38         2856.92765
19 37         3662.75219
19 44            2355.21
19 32          4195.9219
19 89         4164.85435
19 80          3695.5475
19 53         4088.87262
19 59         3263.62025
19 54         3569.67934
19 55         3172.68139
19 77          4114.1268
19 24           4172.631
20 398          4096.1135
20 7         3119.14647
20 9         1775.33698
20 8         2618.08623
20 13         2227.54425
20 14         849.870235
20 18         1271.94702
20 19         629.952234
20 17         2221.17399
20 16         3119.47639
20 12         3910.61195
20 15         4035.25527
20 49         4047.25665
20 81         4087.39512
20 50         2896.48419
20 48         3393.11335
20 52         2636.23585
20 78         3862.90095
20 47         3470.97328
20 46         2750.13491
20 45         2122.45564
20 79         3443.78644
20 57         2578.96653
20 56         3130.70342
20 58         2910.58538
20 51         1836.91138
20 41         1313.13963
20 42         1210.10436
20 40         1796.56231
20 43         1178.49843
20 39         2570.30407
20 38         3414.79278
20 37         4251.85185
20 44         2952.05167
20 89         4247.86062
20 80         4059.64778
20 59         3779.36056
20 54         4038.23911
20 55         3590.23536
21 16         4062.74336
21 12         3423.23332
21 15         3146.84498
21 2         3628.02517
21 4         3915.78989
21 571         4303.89189
21 3          2793.0159
21 5          3081.6437
21 11         1243.12732
21 6         3532.24789
21 10         2792.73538
21 38         4201.97333
21 37         3297.80334
21 44         4359.25223
21 32         2641.74871
21 53         4065.46891
21 59         4274.49371
21 75         4293.14738
21 29         881.998464
21 36         1133.95688
21 35         1667.54161
21 34         1956.24391
21 33         2236.77329
21 24         2380.63703
21 23         1745.28209
21 22         959.547049
21 106         3290.62964
21 105         3866.31161
21 71         2691.54878
21 72         2771.85492
21 60         2057.15529
21 61         2080.12545
21 30          1518.2746
21 73         2988.60972
21 62         2376.31653
21 74         3467.52462
21 63         2968.05086
21 31          2463.2548
21 1720         3998.29998
21 28         2263.75006
21 25         3190.68553
21 64         3806.05316
21 68         4263.42919
21 65         3214.40242
21 27         1017.93816
21 26         2154.86553
21 66         2558.07014
21 69         3552.34654
21 67         3110.76029
21 70         2834.10363
21 110         4301.85622
21 99         3589.02128
21 102         4033.93875
21 103         3963.32575
21 104         4366.96819
22 13         4196.38108
22 17          4002.1162
22 16         3103.21403
22 12         2491.57232
22 15         2187.32108
22 3         3318.68875
22 5         2958.53629
22 11         722.341313
22 6         3171.84704
22 569         4283.68608
22 10         2094.11429
22 39         4222.42969
22 38          3303.9331
22 37         2428.07466
22 44         3416.82746
22 32         1783.25192
22 53         3349.71193
22 59         3436.92607
22 54         3758.48174
22 55         4245.44431
22 75         3642.11744
22 76         4216.88581
22 29         1409.60616
22 36         898.207096
22 35         994.895583
22 34         1181.18218
22 33         1390.09467
22 24         1421.13519
22 23         785.924317
22 21         959.547049
22 106         3291.74694
22 105         3478.56751
22 71         2816.64342
22 72         2693.24491
22 60          2465.6486
22 61         2088.55908
22 30         1624.05174
22 73         2706.54339
22 62         2037.61709
22 74         2959.84746
22 63         2358.30978
22 31         1800.69917
22 28         3223.13686
22 25         4145.46217
22 65          3990.7194
22 27         1976.67891
22 26         2980.46548
22 66         3215.46462
22 69         4156.56485
22 67         3605.33973
22 70         3179.36317
22 99         3877.20693
22 102         4178.90219
22 103         3899.39364
22 104         4037.36668
23 8         3837.05114
23 13         3428.99916
23 18         4165.67153
23 17         3216.54348
23 16         2317.55959
23 12         1760.79111
23 15         1401.67419
23 3         3890.10402
23 5         3106.96083
23 11         1043.43461
23 6         3097.90556
23 569          4161.6451
23 10         1743.01846
23 56         4294.61066
23 58         3756.61227
23 39         3479.71731
23 38         2589.96679
23 37         1770.44351
23 44         2648.15083
23 32         1181.72317
23 80         4027.97757
23 53         2851.82753
23 59         2794.50451
23 54          3173.9625
23 55         3612.10694
23 75         3205.06176
23 76         3795.52926
23 29         2075.54773
23 36         1321.22638
23 35         924.071455
23 34         857.250301
23 33         866.894042
23 24         635.466024
23 22         785.924317
23 21         1745.28209
23 106         3472.98472
23 105           3314.419
23 71         3121.53661
23 72         2854.57488
23 60         2978.32993
23 61         2380.75231
23 30          2052.3083
23 73         2693.85948
23 62         2050.76687
23 74         2708.37455
23 63         2044.53298
23 31         1493.71399
23 28         4008.99671
23 27         2762.60322
23 26          3696.7435
23 66         3836.87214
23 67         4117.87356
23 70         3612.58635
23 99         4242.81693
23 103         3998.01001
23 104         3901.48063
24 566         4292.39754
24 8         3272.32587
24 13         2809.51102
24 18         3530.24836
24 19           4172.631
24 17         2581.08637
24 16         1682.12009
24 12         1206.32689
24 15         766.222215
24 5         3337.73578
24 11         1553.96185
24 6         3158.38438
24 569         4145.87668
24 10         1664.67371
24 79         4321.96296
24 57         3976.77598
24 56         3801.20144
24 58         3233.16875
24 40         3782.94021
24 43         3889.45344
24 39         2906.88751
24 38         2066.38514
24 37         1364.24345
24 44         2044.29769
24 32         950.194312
24 91         4275.76097
24 80         3644.70122
24 53          2579.9828
24 59         2358.78794
24 54         2795.42119
24 55         3168.82118
24 75          2982.3218
24 76         3569.89007
24 77         4201.83778
24 29         2670.14372
24 36         1857.26977
24 35         1299.69001
24 34         1070.39107
24 33         859.368064
24 23         635.466024
24 22         1421.13519
24 21         2380.63703
24 106         3756.77962
24 105         3338.72501
24 71         3498.72327
24 72         3147.18551
24 60         3482.42139
24 61         2779.36784
24 30         2541.62428
24 73         2869.45338
24 62         2291.08999
24 74         2686.12309
24 63         2015.67466
24 31         1545.39348
24 27         3397.69672
24 26         4301.06799
24 70         4057.99806
24 103          4207.7292
24 104         3929.52947
25 2         2077.64404
25 1         3432.01416
25 4         3462.75753
25 3         3498.28712
25 11         4321.00454
25 111         3853.01722
25 107          3882.5349
25 29         3062.07215
25 36         3932.17751
25 22         4145.46217
25 21         3190.68553
25 71           4030.224
25 60         3146.75066
25 61          3995.4856
25 30         3654.07471
25 1720         828.338283
25 28         995.861496
25 64         1743.29378
25 68         2716.53262
25 65         1885.59827
25 27         2194.41433
25 26         1711.08382
25 66         2392.66584
25 69         2881.18175
25 67         3140.44583
25 70         3519.84047
25 110         4057.24119
25 99         4054.27055
26 2          3340.3622
26 3         3847.63735
26 11         3397.81723
26 117         4380.08708
26 111         2949.00006
26 108         3931.80923
26 107          3302.5525
26 32         4200.99288
26 29         1633.17736
26 36         2494.02266
26 35         3167.76592
26 34         3499.84879
26 33         3837.34047
26 24         4301.06799
26 23          3696.7435
26 22         2980.46548
26 21         2154.86553
26 106         2957.52204
26 105         4221.61037
26 71         2322.21139
26 72         2804.93332
26 60         1436.62971
26 61         2313.41978
26 30         2045.98548
26 73         3351.51741
26 62         3076.13541
26 74         4156.37101
26 63          3970.5907
26 31         3687.73698
26 1720         2487.54112
26 28         1437.58364
26 25         1711.08382
26 64         1658.14643
26 68         2166.84115
26 65         1076.41664
26 27         1521.14347
26 66         821.423421
26 69         1699.59292
26 67          1634.2263
26 70         1863.61378
26 109         3707.22863
26 110         2771.36054
26 100         3475.09303
26 101         3904.55261
26 99         2495.47202
26 102         3172.55907
26 95             4087.7
26 103          3592.7053
27 15         4163.76924
27 2         2738.87176
27 1         3750.58415
27 4         3313.31215
27 571          4300.6426
27 3         2473.06558
27 5         3457.11333
27 11         2134.73204
27 6         4085.29914
27 10         3638.08782
27 37         4277.83553
27 32         3622.95652
27 29         1268.77224
27 36         1976.25242
27 35         2606.10394
27 34          2918.2344
27 33         3219.08931
27 24         3397.69672
27 23         2762.60322
27 22         1976.67891
27 21         1017.93816
27 106         3634.60938
27 71         2972.98473
27 72         3234.38896
27 60         2125.78968
27 61          2556.7309
27 30         2034.05321
27 73         3599.50867
27 62          3078.3056
27 74         4219.54343
27 63         3807.30529
27 31         3353.47891
27 1720         2990.05842
27 28         1246.96578
27 25         2194.41433
27 64         3053.27718
27 68          3682.0962
27 65          2581.3919
27 26         1521.14347
27 66         2185.47284
27 69         3169.02449
27 67         2915.70003
27 70          2857.7162
27 110         4127.01811
27 99         3608.89652
27 102         4182.32039
27 103         4324.85556
28 2         1909.75515
28 1         3177.53998
28 4          2989.4291
28 3         2696.33186
28 5          4272.5468
28 11         3344.35815
28 111         4199.64195
28 29         2303.95524
28 36         3130.13956
28 35         3793.19875
28 34         4116.49234
28 23         4008.99671
28 22         3223.13686
28 21         2263.75006
28 106         4292.85203
28 71         3630.55364
28 72         4032.04523
28 60          2714.3856
28 61         3426.43693
28 30         2994.02959
28 62         4082.67403
28 1720         1752.85386
28 25         995.861496
28 64         2338.10418
28 68         3196.18805
28 65         2154.74276
28 27         1246.96578
28 26         1437.58364
28 66           2256.663
28 69         3036.86547
28 67         3069.15655
28 70         3271.81736
28 110         4170.51943
28 99         3930.77187
29 16         4297.33736
29 12         3836.33574
29 15         3405.06525
29 2         3995.17169
29 3         3550.85652
29 5         3959.18131
29 11         1969.73424
29 6         4372.82181
29 10         3480.05866
29 111         4000.75431
29 38         4165.93257
29 37         3241.12718
29 32         2611.27468
29 53         3745.00046
29 59         4118.24548
29 54         4289.58603
29 75         3890.10296
29 36         879.660512
29 35         1563.29612
29 34         1897.16224
29 33         2230.62439
29 24         2670.14372
29 23         2075.54773
29 22         1409.60616
29 21         881.998464
29 106         2467.69251
29 105         3244.58545
29 71         1839.79721
29 72         2003.06862
29 60          1178.4922
29 61         1310.68497
29 30         768.425173
29 73         2332.81639
29 62         1816.49238
29 74         2961.36466
29 63         2593.07336
29 31         2195.50383
29 1720         3890.14224
29 28         2303.95524
29 25         3062.07215
29 64         3263.65686
29 68         3567.75595
29 65         2594.40689
29 27         1268.77224
29 26         1633.17736
29 66         1807.52957
29 69         2765.43598
29 67         2264.55492
29 70         1953.28266
29 110         3437.07287
29 100         3820.64548
29 101         4005.48791
29 99         2707.06503
29 102         3162.39521
29 95         3918.92032
29 96         4314.54796
29 103         3152.99134
29 98         4080.24861
29 104         3689.34547
30 16         4031.85325
30 12         3747.79709
30 15         3197.52185
30 3         4283.35102
30 11         2317.67943
30 10         3688.35276
30 126         4361.23885
30 111         3826.63078
30 38         3689.78001
30 37           2783.797
30 44         4063.82054
30 32         2215.13701
30 91         3952.07949
30 53         3092.12416
30 59         3559.07937
30 54         3667.12721
30 55         4245.43067
30 75         3191.67585
30 76         3657.60878
30 29         768.425173
30 36         749.450641
30 35         1259.29204
30 34         1562.79133
30 33         1893.59536
30 24         2541.62428
30 23          2052.3083
30 22         1624.05174
30 21          1518.2746
30 106         1777.11752
30 105         2478.84043
30 71         1216.12397
30 72         1258.34555
30 60         941.357821
30 61         563.016935
30 73         1565.47459
30 62         1089.05664
30 74         2229.98593
30 63         1940.90578
30 31         1645.37783
30 28         2994.02959
30 25         3654.07471
30 64         3531.80344
30 68         3628.25749
30 65         2808.81415
30 27         2034.05321
30 26         2045.98548
30 66         1897.49721
30 69         2698.60835
30 67         2068.53343
30 70         1571.70291
30 128         4168.42767
30 120         4273.83625
30 109          4052.3768
30 110         3111.65527
30 100         3336.03017
30 101          3423.8108
30 99         2253.35247
30 102          2583.4827
30 95         3257.50421
30 96         3592.63171
30 103         2445.33049
30 97         3930.12578
30 98         3323.59687
30 104         2921.68943
31 13         3838.38761
31 18         4223.10427
31 17         3359.03976
31 16         2578.55143
31 12         2608.18977
31 15         1905.56683
31 11         2413.03001
31 10         3159.89324
31 78         4130.82074
31 79         3827.13761
31 57         3815.83519
31 56         3434.87697
31 58         3042.47929
31 40         3965.86685
31 43         4316.47601
31 39         3003.97688
31 38         2049.24392
31 37         1164.93774
31 44         2471.84274
31 32         739.388923
31 86         4002.28247
31 136         4303.66155
31 94         3436.03542
31 93         3926.62489
31 92         3750.80613
31 91         2975.50156
31 80         2898.46426
31 53         1602.50842
31 59         1928.15546
31 54         2104.91249
31 55         2659.43399
31 75         1849.89999
31 76         2417.93972
31 77         3341.83973
31 29         2195.50383
31 36         1377.26079
31 35         819.239596
31 34         654.993682
31 33         691.642149
31 24         1545.39348
31 23         1493.71399
31 22         1800.69917
31 21          2463.2548
31 106         2291.92334
31 105         1827.90185
31 71         2181.80856
31 72         1716.64876
31 60         2485.03671
31 61         1580.41853
31 30         1645.37783
31 73         1340.25547
31 62         862.248458
31 74         1215.49811
31 63         564.813901
31 27         3353.47891
31 26         3687.73698
31 66         3496.78949
31 69         4166.55994
31 67         3474.07922
31 70         2850.89254
31 134         4204.08224
31 128         4151.32806
31 110         4259.50197
31 100          4169.0029
31 101         3995.39873
31 99         3292.49886
31 102         3282.34165
31 95         3568.20213
31 96         3543.80202
31 103         2679.55012
31 97         3444.68248
31 98         2996.57771
31 104         2418.24821
32 8         3779.69838
32 13         3117.99441
32 18         3575.24616
32 19          4195.9219
32 17         2677.92801
32 16         1860.25864
32 12         1887.27863
32 15         1169.89496
32 5         4232.69332
32 11         2220.57741
32 6         4103.17251
32 10         2614.83962
32 78         4027.47447
32 46         4354.51724
32 45         4114.20988
32 79         3650.87497
32 57         3472.03564
32 56         3183.31136
32 58         2693.42612
32 40         3479.23467
32 43         3748.55557
32 39         2526.68695
32 38          1571.5419
32 37         656.157359
32 44         1854.64384
32 86         4097.67658
32 94         3619.25707
32 93         4162.04334
32 92          4105.6255
32 91         3331.69235
32 80         2850.53137
32 53         1679.16902
32 59         1653.68588
32 54         1998.36809
32 55         2464.02993
32 75         2055.92943
32 76         2647.07859
32 77         3373.90163
32 29         2611.27468
32 36         1732.55401
32 35         1049.30617
32 34         717.360641
32 33         405.036521
32 24         950.194312
32 23         1181.72317
32 22         1783.25192
32 21         2641.74871
32 106         3030.41615
32 105         2417.01334
32 71         2905.37138
32 72         2455.17327
32 60         3118.91005
32 61         2263.26049
32 30         2215.13701
32 73         2063.23382
32 62          1595.3791
32 74         1754.06434
32 63         1096.22262
32 31         739.388923
32 27         3622.95652
32 26         4200.99288
32 66         4109.65974
32 67         4160.95059
32 70         3553.68244
32 99         4025.04251
32 102         4020.45367
32 95         4275.78406
32 96          4194.2259
32 103         3395.03611
32 97         3984.11545
32 98         3600.93058
32 104         3004.10928
33 8         3974.85996
33 13         3378.81221
33 18         3911.61077
33 17         2993.89945
33 16         2138.59079
33 12         1982.60177
33 15         1336.32904
33 5         3969.75446
33 11         1876.06125
33 6         3912.44331
33 10         2471.74508
33 79         4044.09906
33 57          3877.0633
33 56         3583.83545
33 58         3098.35822
33 40         3873.64356
33 43         4122.22927
33 39         2925.02129
33 38         1973.61915
33 37         1061.19208
33 44         2220.66722
33 32         405.036521
33 94         3925.52679
33 92          4344.3365
33 91         3566.46335
33 80         3218.04525
33 53          2000.2885
33 59         2050.93578
33 54         2371.76097
33 55         2856.11838
33 75          2340.6613
33 76         2930.30701
33 77         3724.88668
33 29         2230.62439
33 36         1351.24599
33 35         669.873697
33 34         337.963054
33 24         859.368064
33 23         866.894042
33 22         1390.09467
33 21         2236.77329
33 106         2914.23519
33 105         2510.24134
33 71         2705.56221
33 72         2312.32233
33 60         2820.08821
33 61         2018.00109
33 30         1893.59536
33 73         2010.39124
33 62         1447.95273
33 74          1876.2526
33 63         1203.34649
33 31         691.642149
33 27         3219.08931
33 26         3837.34047
33 66         3790.17368
33 67         3898.29892
